Depth,qc,fs,Inclination,dummy,fs/qc
0.01,0.529,0,0,0.5,0
0.02,0.639,0,0,1,0
0.03,0.753,0,0,1,0
0.04,0.792,0.001,0,1,0.00126262626262626
0.05,0.838,0.002,0,1,0.00238663484486874
0.06,0.958,0.003,0.29,1,0.00313152400835073
0.07,1.029,0.004,0.36,1,0.00388726919339164
0.08,1.147,0.005,0.44,1,0.004359197907585
0.09,1.214,0.007,0.58,1,0.0057660626029654
0.1,1.246,0.007,0.57,1,0.00561797752808989
0.11,1.296,0.008,0.55,0.8,0.00617283950617284
0.12,1.328,0.008,0.53,1,0.00602409638554217
0.13,1.384,0.009,0.52,1,0.0065028901734104
0.14,1.42,0.009,0.51,1,0.00633802816901408
0.15,1.626,0.01,0.5,1,0.00615006150061501
0.16,1.793,0.01,0.49,1,0.00557724484104852
0.17,2.098,0.011,0.48,1,0.00524308865586273
0.18,2.3,0.011,0.47,1,0.00478260869565217
0.19,2.403,0.012,0.46,1,0.00499375780274657
0.2,2.599,0.012,0.44,1,0.00461716044632551
0.21,2.755,0.013,0.43,1,0.00471869328493648
0.22,3.017,0.013,0.43,1,0.00430891614186278
0.23,3.312,0.013,0.41,0.8,0.00392512077294686
0.24,3.348,0.014,0.4,1,0.0041816009557945
0.25,3.365,0.014,0.39,1,0.00416047548291233
0.26,3.479,0.014,0.38,1,0.00402414486921529
0.27,3.553,0.014,0.37,1,0.00394033211370673
0.28,3.706,0.014,0.36,1,0.00377765785213168
0.29,3.898,0.015,0.36,1,0.00384812724474089
0.3,4.018,0.016,0.37,1,0.0039820806371329
0.31,4.231,0.017,0.38,1,0.00401796265658237
0.32,4.469,0.019,0.39,1,0.00425151040501231
0.33,4.604,0.02,0.41,1,0.00434404865334492
0.34,4.906,0.023,0.44,1,0.00468813697513249
0.35,5.201,0.025,0.46,1,0.00480676792924438
0.36,5.371,0.027,0.48,1,0.00502699683485384
0.37,5.605,0.029,0.49,1,0.00517395182872435
0.38,5.875,0.032,0.5,1,0.0054468085106383
0.39,6.12,0.034,0.51,1,0.00555555555555556
0.4,6.457,0.035,0.51,1,0.00542047390428992
0.41,6.677,0.037,0.5,1,0.00554141081323948
0.42,7.103,0.038,0.49,1,0.00534985217513727
0.43,7.49,0.04,0.48,1,0.00534045393858478
0.44,8.158,0.041,0.47,1,0.00502574160333415
0.45,8.715,0.043,0.47,1,0.00493402180149168
0.46,9.155,0.044,0.46,1,0.00480611687602403
0.47,9.94,0.046,0.46,1,0.00462776659959759
0.48,10.522,0.048,0.46,0.8,0.00456187036685041
0.49,10.735,0.049,0.46,1,0.00456450861667443
0.5,11.115,0.051,0.46,0.8,0.00458839406207827
0.51,11.285,0.053,0.46,1,0.00469649977846699
0.52,11.555,0.054,0.47,0.8,0.00467330160103851
0.53,11.665,0.055,0.47,1,0.00471495927989713
0.54,11.828,0.057,0.48,0.8,0.00481907338518769
0.55,11.903,0.058,0.48,1,0.00487272116273208
0.56,12.027,0.059,0.49,0.8,0.00490562900141349
0.57,12.073,0.06,0.49,1,0.00496976724923383
0.58,12.151,0.061,0.5,1,0.00502016294955148
0.59,12.265,0.062,0.5,0.8,0.00505503465144721
0.6,12.325,0.063,0.51,1,0.00511156186612576
0.61,12.46,0.064,0.51,0.8,0.00513643659711075
0.62,12.531,0.066,0.52,1,0.00526693799377544
0.63,12.655,0.067,0.53,0.8,0.00529435005926511
0.64,12.705,0.069,0.54,1,0.00543093270365998
0.65,12.843,0.071,0.55,0.8,0.00552830335591373
0.66,12.925,0.073,0.56,1,0.00564796905222437
0.67,13.145,0.076,0.57,1,0.00578166603271206
0.68,13.262,0.078,0.58,0.8,0.00588146584225607
0.69,13.504,0.08,0.59,1,0.00592417061611374
0.7,13.731,0.082,0.59,0.8,0.00597188842764547
0.71,13.848,0.084,0.6,1,0.00606585788561525
0.72,14.068,0.086,0.6,0.8,0.00611316462894512
0.73,14.185,0.088,0.61,0.8,0.0062037363412055
0.74,14.437,0.089,0.61,0.8,0.00616471566114844
0.75,14.562,0.091,0.62,1,0.00624914160142838
0.76,14.743,0.093,0.62,1,0.00630807841009292
0.77,14.814,0.094,0.63,1,0.00634534899419468
0.78,14.97,0.097,0.64,1,0.00647962591850367
0.79,15.051,0.099,0.64,1,0.00657763603747259
0.8,15.233,0.101,0.65,0.8,0.00663034202061314
0.81,15.46,0.104,0.66,0.8,0.00672703751617076
0.82,15.627,0.106,0.67,1,0.00678313175913483
0.83,15.964,0.109,0.67,0.8,0.00682786269105487
0.84,16.124,0.111,0.68,0.8,0.00688414785413049
0.85,16.415,0.114,0.69,0.8,0.0069448674992385
0.86,16.553,0.116,0.69,1,0.00700779314927808
0.87,16.837,0.117,0.69,1,0.0069489814099899
0.88,16.968,0.118,0.69,0.8,0.00695426685525695
0.89,17.231,0.119,0.68,1,0.0069061575068191
0.9,17.373,0.119,0.68,0.8,0.00684970931905831
0.91,17.618,0.118,0.66,0.8,0.00669769553865365
0.92,17.82,0.117,0.65,1,0.00656565656565657
0.93,17.902,0.116,0.65,0.8,0.00647972293598481
0.94,18.072,0.117,0.64,0.8,0.00647410358565737
0.95,18.161,0.118,0.64,0.8,0.00649743956830571
0.96,18.42,0.12,0.65,0.8,0.00651465798045603
0.97,18.537,0.122,0.66,0.8,0.00658143173113233
0.98,18.683,0.124,0.67,0.8,0.00663704972434834
0.99,18.708,0.126,0.68,0.8,0.00673508659397049
1,18.733,0.127,0.68,0.8,0.00677948006192281
1.01,18.69,0.126,0.68,0.8,0.00674157303370786
1.02,18.644,0.125,0.67,0.8,0.0067045698347994
1.03,18.303,0.122,0.66,0.8,0.00666557394962574
1.04,18.282,0.119,0.65,0.8,0.00650913466797943
1.05,18.296,0.118,0.64,1,0.00644949715784871
1.06,18.31,0.117,0.64,0.8,0.00638995084653195
1.07,18.328,0.118,0.64,1,0.00643823657791357
1.08,18.367,0.12,0.65,0.8,0.00653345674307181
1.09,18.374,0.123,0.66,0.8,0.00669424186350278
1.1,18.452,0.126,0.68,0.8,0.00682852807283763
1.11,18.541,0.129,0.69,0.8,0.00695755353001456
1.12,18.722,0.133,0.71,0.8,0.00710394188655058
1.13,18.924,0.135,0.72,0.8,0.00713379835129994
1.14,18.985,0.138,0.73,1,0.00726889649723466
1.15,18.802,0.14,0.74,0.8,0.00744601638123604
1.16,18.753,0.142,0.75,0.8,0.00757212179384632
1.17,18.805,0.144,0.76,0.8,0.00765753788885935
1.18,18.857,0.146,0.77,0.8,0.00774248289759771
1.19,18.995,0.148,0.78,0.8,0.0077915240852856
1.2,19.013,0.15,0.79,0.8,0.00788933887340241
1.21,19.024,0.152,0.8,0.8,0.00798990748528175
1.22,19.052,0.154,0.8,0.8,0.00808314087759815
1.23,19.066,0.155,0.81,0.8,0.00812965488303787
1.24,19.127,0.156,0.81,0.8,0.00815600982903749
1.25,19.226,0.158,0.81,0.8,0.00821803807344221
1.26,19.297,0.159,0.81,0.8,0.0082396227392859
1.27,19.489,0.16,0.81,0.8,0.00820975935142901
1.28,19.563,0.161,0.81,0.8,0.00822982160200378
1.29,19.78,0.162,0.81,0.8,0.00819009100101112
1.3,19.876,0.163,0.82,0.8,0.00820084524049104
1.31,20.05,0.165,0.82,0.8,0.00822942643391521
1.32,20.22,0.166,0.82,0.8,0.00820969337289812
1.33,20.291,0.168,0.82,0.8,0.00827953279779212
1.34,20.43,0.169,0.83,0.8,0.00827214880078316
1.35,20.493,0.171,0.83,0.8,0.00834431269213878
1.36,20.625,0.173,0.83,0.8,0.00838787878787879
1.37,20.685,0.174,0.83,0.8,0.00841189267585207
1.38,20.838,0.176,0.84,0.8,0.00844610807179192
1.39,20.948,0.177,0.84,0.8,0.00844949398510598
1.4,21.171,0.179,0.84,0.8,0.00845496197628832
1.41,21.324,0.18,0.84,0.8,0.0084411930219471
1.42,21.537,0.181,0.84,0.8,0.00840414170961601
1.43,21.594,0.183,0.84,0.8,0.00847457627118644
1.44,21.786,0.185,0.84,0.8,0.00849169191223722
1.45,21.881,0.186,0.84,0.8,0.00850052557012934
1.46,22.094,0.188,0.84,0.8,0.00850909749253191
1.47,22.371,0.19,0.84,0.8,0.00849313843815654
1.48,22.535,0.192,0.85,0.8,0.00852007987574883
1.49,22.794,0.194,0.85,0.8,0.00851101166973765
1.5,22.861,0.196,0.85,0.8,0.00857355321289532
1.51,23.039,0.198,0.85,0.8,0.00859412300881115
1.52,23.145,0.2,0.85,0.8,0.00864117519982718
1.53,23.34,0.202,0.86,0.8,0.00865467009425878
1.54,23.493,0.204,0.86,0.8,0.00868343761971651
1.55,23.788,0.206,0.86,0.8,0.0086598284849504
1.56,23.94,0.208,0.86,0.8,0.00868838763575606
1.57,24.182,0.21,0.87,0.8,0.00868414523199074
1.58,24.285,0.212,0.87,0.8,0.00872966851966234
1.59,24.405,0.215,0.88,0.8,0.00880967014955952
1.6,24.395,0.217,0.88,0.8,0.00889526542324247
1.61,24.48,0.22,0.89,0.8,0.00898692810457516
1.62,24.586,0.223,0.9,0.8,0.00907020255429919
1.63,24.799,0.226,0.9,0.8,0.00911327069639905
1.64,25.002,0.228,0.91,0.8,0.00911927045836333
1.65,25.115,0.231,0.92,0.8,0.00919769062313359
1.66,25.335,0.233,0.92,0.8,0.00919676337083087
1.67,25.41,0.235,0.92,0.8,0.00924832743014561
1.68,25.517,0.237,0.93,0.8,0.00928792569659443
1.69,25.573,0.238,0.93,0.8,0.00930669065029523
1.7,25.659,0.239,0.93,0.8,0.00931447055614015
1.71,25.68,0.24,0.93,0.8,0.00934579439252336
1.72,25.832,0.241,0.93,0.8,0.00932951378135646
1.73,25.925,0.242,0.93,0.8,0.00933461909353905
1.74,26.095,0.243,0.93,0.8,0.00931212876029891
1.75,26.156,0.244,0.93,0.8,0.00932864352347454
1.76,26.255,0.246,0.93,0.8,0.00936964387735669
1.77,26.312,0.248,0.94,0.8,0.00942535725144421
1.78,26.422,0.25,0.94,0.8,0.00946181212625842
1.79,26.518,0.253,0.94,0.8,0.00954068934308771
1.8,26.723,0.255,0.95,0.8,0.00954234180294129
1.81,26.812,0.258,0.95,0.8,0.00962255706400119
1.82,27.103,0.26,0.95,0.8,0.00959303398147806
1.83,27.228,0.263,0.96,0.8,0.00965917437931541
1.84,27.469,0.266,0.96,0.8,0.00968364337980997
1.85,27.593,0.268,0.96,0.8,0.00971260827021346
1.86,27.859,0.271,0.96,0.8,0.00972755662443017
1.87,28.03,0.274,0.97,0.8,0.0097752408134142
1.88,28.364,0.277,0.97,0.8,0.00976590043717388
1.89,28.733,0.28,0.97,0.8,0.00974489263216511
1.9,28.875,0.283,0.97,0.8,0.0098008658008658
1.91,29.184,0.285,0.98,0.8,0.009765625
1.92,29.326,0.288,0.98,0.8,0.00982063697742617
1.93,29.5,0.29,0.99,0.8,0.00983050847457627
1.94,29.571,0.293,0.99,0.8,0.00990835615975111
1.95,29.681,0.296,1,0.8,0.00997270981435935
1.96,29.741,0.298,1,0.8,0.010019837934165
1.97,29.844,0.3,1.01,0.8,0.0100522718134298
1.98,29.904,0.301,1.01,0.8,0.010065543071161
1.99,29.943,0.301,1.01,0.8,0.0100524329559496
2,29.965,0.298,1,0.8,0.00994493575838478
2.01,29.931,0.294,0.98,0.8,0.00982259196151147
2.02,29.921,0.288,0.96,0.8,0.00962534674643227
2.03,29.941,0.278,0.93,0.8,0.00928492702314552
2.04,29.961,0.269,0.9,0.8,0.00897833850672541
2.05,30.028,0.261,0.87,0.8,0.00869188757159984
2.06,30.057,0.255,0.85,0.8,0.00848388062680906
2.07,30.075,0.251,0.83,0.8,0.00834580216126351
2.08,30.096,0.249,0.82,0.8,0.00827352472089314
2.09,30.149,0.252,0.83,0.8,0.00835848618527978
2.1,30.167,0.256,0.85,0.8,0.00848609407630855
2.11,30.298,0.263,0.87,0.8,0.00868044095319823
2.12,30.362,0.269,0.89,0.8,0.00885975890916277
2.13,30.483,0.275,0.91,0.8,0.00902142177607191
2.14,30.596,0.28,0.93,0.8,0.00915152307491175
2.15,29.883,0.286,0.95,0.8,0.00957065890305525
2.16,29.874,0.291,0.96,0.8,0.00974091182968467
2.17,29.946,0.295,0.97,0.8,0.00985106525078474
2.18,30.018,0.299,0.98,0.8,0.00996069025251516
2.19,30.202,0.303,1,0.8,0.0100324481822396
2.2,30.387,0.307,1.01,0.8,0.0101030045743245
2.21,30.536,0.31,1.01,0.8,0.0101519517946031
2.22,30.728,0.314,1.02,0.8,0.0102186930486852
2.23,30.756,0.318,1.03,0.8,0.0103394459617636
2.24,30.834,0.322,1.04,0.8,0.0104430174482714
2.25,30.927,0.325,1.05,0.8,0.0105086170659941
2.26,31.04,0.328,1.05,0.8,0.0105670103092784
2.27,31.076,0.33,1.06,0.8,0.0106191273008109
2.28,31.267,0.331,1.06,0.8,0.0105862410848498
2.29,31.36,0.331,1.06,0.8,0.0105548469387755
2.3,31.413,0.331,1.06,0.8,0.01053703880559
2.31,31.374,0.33,1.06,0.8,0.0105182635303117
2.32,31.353,0.33,1.06,0.8,0.0105253085829107
2.33,31.196,0.329,1.06,0.8,0.0105462238748558
2.34,31.03,0.328,1.06,0.8,0.0105704157267161
2.35,30.728,0.328,1.07,0.8,0.0106743035667795
2.36,30.596,0.329,1.07,0.8,0.0107530396130213
2.37,30.334,0.329,1.08,0.8,0.0108459154743852
2.38,30.284,0.329,1.08,0.8,0.0108638224805178
2.39,30.27,0.329,1.08,0.8,0.0108688470432772
2.4,30.307,0.329,1.08,0.8,0.0108555779192926
2.41,30.344,0.328,1.08,0.8,0.0108093857105194
2.42,30.323,0.327,1.08,0.8,0.01078389341424
2.43,30.323,0.326,1.07,0.8,0.0107509151469182
2.44,30.334,0.325,1.07,0.8,0.0107140502406541
2.45,30.32,0.324,1.07,0.8,0.0106860158311346
2.46,30.337,0.323,1.07,0.8,0.010647064640538
2.47,30.291,0.323,1.07,0.8,0.0106632333036215
2.48,30.277,0.323,1.07,0.8,0.0106681639528355
2.49,30.272,0.323,1.07,0.8,0.0106699260042283
2.5,30.294,0.324,1.07,0.8,0.0106951871657754
2.51,30.316,0.324,1.07,0.8,0.0106874257817654
2.52,30.305,0.324,1.07,0.8,0.0106913050651708
2.53,30.316,0.324,1.07,0.8,0.0106874257817654
2.54,30.327,0.324,1.07,0.8,0.0106835493124938
2.55,30.32,0.324,1.07,0.8,0.0106860158311346
2.56,30.337,0.323,1.06,0.8,0.010647064640538
2.57,30.334,0.322,1.06,0.8,0.0106151513153557
2.58,30.337,0.321,1.06,0.8,0.0105811385436925
2.59,30.38,0.32,1.05,0.8,0.010533245556287
2.6,30.398,0.319,1.05,0.8,0.010494111454701
2.61,30.454,0.317,1.05,0.8,0.0104091416562685
2.62,30.419,0.317,1.05,0.8,0.0104211183799599
2.63,30.362,0.317,1.05,0.8,0.0104406824319874
2.64,30.337,0.317,1.05,0.8,0.0104492863500016
2.65,30.181,0.318,1.05,0.8,0.0105364302044333
2.66,30.151,0.318,1.05,0.8,0.0105469138668701
2.67,30.148,0.318,1.05,0.8,0.0105479633806554
2.68,30.229,0.318,1.04,0.8,0.0105196996261868
2.69,30.309,0.317,1.04,0.8,0.010458939588901
2.7,30.408,0.316,1.04,0.8,0.0103920021047093
2.71,30.604,0.314,1.03,0.8,0.0102600967193831
2.72,30.703,0.313,1.03,0.8,0.0101944435397192
2.73,30.817,0.312,1.02,0.8,0.0101242820521141
2.74,30.799,0.311,1.02,0.8,0.0100977304457937
2.75,30.632,0.31,1.02,0.8,0.0101201358056934
2.76,30.54,0.31,1.01,0.8,0.010150622134905
2.77,30.362,0.309,1.01,0.8,0.0101771951781833
2.78,30.344,0.308,1.01,0.8,0.0101502768257316
2.79,30.364,0.306,1,0.8,0.0100777236200764
2.8,30.383,0.304,1,0.8,0.010005595234177
2.81,30.43,0.301,0.99,0.8,0.00989155438711798
2.82,30.49,0.297,0.98,0.8,0.00974089865529682
2.83,30.582,0.294,0.96,0.8,0.00961349813615852
2.84,30.621,0.291,0.95,0.8,0.00950328206133046
2.85,30.635,0.288,0.94,0.8,0.0094010119144769
2.86,30.575,0.286,0.94,0.8,0.00935404742436631
2.87,30.557,0.284,0.93,1.1,0.0092941060968027
2.88,30.497,0.283,0.93,1.3,0.00927960127225629
2.89,30.437,0.283,0.93,1.3,0.00929789401057923
2.9,30.412,0.283,0.92,1.1,0.00930553728791267
2.91,30.403,0.282,0.92,1.1,0.00927540045390257
2.92,30.45,0.281,0.92,1.1,0.00922824302134647
2.93,30.497,0.279,0.91,1.3,0.0091484408302456
2.94,30.699,0.278,0.9,1.1,0.0090556695657839
2.95,30.802,0.276,0.9,1.1,0.00896045711317447
2.96,31.033,0.273,0.89,1.1,0.0087970869719331
2.97,31.118,0.272,0.89,1.1,0.00874092165306254
2.98,31.122,0.27,0.88,1.1,0.00867553499132447
2.99,31.069,0.268,0.88,1.1,0.00862596156941002
3,30.788,0.264,0.87,1.1,0.00857476939067169
3.01,30.579,0.26,0.86,1.1,0.00850256712122699
3.02,30.17,0.256,0.85,1.1,0.00848525024859132
3.03,30.053,0.249,0.83,1.3,0.00828536252620371
3.04,29.783,0.243,0.81,1.1,0.0081590168888292
3.05,29.705,0.237,0.79,1.3,0.00797845480558828
3.06,29.622,0.232,0.78,1.3,0.00783201674431166
3.07,29.589,0.229,0.77,1.3,0.00773936260096658
3.08,29.615,0.228,0.76,1.1,0.00769880128313355
3.09,29.641,0.229,0.77,1.3,0.00772578522991802
3.1,29.798,0.231,0.78,1.1,0.00775219813410296
3.11,29.886,0.234,0.79,1.3,0.00782975306163421
3.12,30.05,0.238,0.8,1.1,0.00792013311148087
3.13,30.103,0.242,0.81,1.1,0.00803906587383317
3.14,30.195,0.246,0.83,1.1,0.00814704421261798
3.15,29.514,0.25,0.84,1.1,0.00847055634614081
3.16,29.475,0.254,0.86,1.3,0.00861747243426633
3.17,29.469,0.258,0.87,1.1,0.00875496284230887
3.18,29.515,0.262,0.89,1.1,0.00887684228358462
3.19,29.56,0.266,0.9,1.1,0.00899864682002706
3.2,29.539,0.27,0.91,1.1,0.00914045837706083
3.21,29.453,0.273,0.93,1.1,0.00926900485519302
3.22,29.446,0.277,0.94,1.1,0.00940705019357468
3.23,29.459,0.28,0.95,1.1,0.0095047353949557
3.24,29.471,0.283,0.96,1.1,0.00960266024227206
3.25,29.503,0.286,0.98,1.1,0.00969392943090533
3.26,29.542,0.288,0.99,1.1,0.00974883217114616
3.27,29.404,0.29,1,1.1,0.00986260372738403
3.28,29.29,0.292,1.01,1.1,0.0099692727893479
3.29,29.003,0.294,1.02,1.1,0.0101368823914767
3.3,28.924,0.295,1.02,1.1,0.0101991425805559
3.31,28.786,0.296,1.03,1.1,0.0102827763496144
3.32,28.711,0.297,1.04,1.1,0.0103444672773501
3.33,28.633,0.297,1.04,1.1,0.0103726469458317
3.34,28.626,0.296,1.04,1.1,0.0103402501222665
3.35,28.502,0.296,1.05,1.1,0.0103852361237808
3.36,28.41,0.295,1.05,1.1,0.0103836677226329
3.37,28.19,0.294,1.05,1.1,0.0104292302234835
3.38,28.094,0.293,1.05,1.3,0.0104292731544102
3.39,27.888,0.292,1.05,1.1,0.0104704532415376
3.4,27.767,0.291,1.05,1.1,0.0104800662657111
3.41,27.6,0.289,1.05,1.1,0.0104710144927536
3.42,27.597,0.287,1.04,1.1,0.0103996811247599
3.43,27.508,0.285,1.04,1.3,0.0103606223644031
3.44,27.49,0.284,1.04,1.3,0.0103310294652601
3.45,27.419,0.282,1.04,1.3,0.0102848389802692
3.46,27.348,0.281,1.03,1.1,0.0102749744039784
3.47,27.213,0.279,1.03,1.3,0.0102524528717892
3.48,27.103,0.278,1.03,1.3,0.0102571671032727
3.49,26.88,0.277,1.03,1.3,0.0103050595238095
3.5,26.78,0.276,1.03,1.1,0.0103061986557132
3.51,26.656,0.275,1.03,1.3,0.0103166266506603
3.52,26.642,0.273,1.02,1.3,0.0102469784550709
3.53,26.596,0.271,1.02,1.3,0.0101895021807791
3.54,26.578,0.27,1.01,1.3,0.0101587779366393
3.55,26.557,0.268,1.01,1.3,0.0100915012990925
3.56,26.557,0.266,1,1.3,0.0100161915879053
3.57,26.557,0.265,1,1.3,0.00997853673231163
3.58,26.546,0.263,0.99,1.3,0.00990733067128758
3.59,26.535,0.262,0.99,1.3,0.00987375164876578
3.6,26.489,0.261,0.99,1.3,0.00985314658915021
3.61,26.464,0.26,0.99,1.3,0.00982466747279323
3.62,26.337,0.26,0.99,1.3,0.00987204313323461
3.63,26.322,0.259,0.99,1.6,0.0098396778360307
3.64,26.219,0.259,0.99,1.6,0.0098783325069606
3.65,26.07,0.258,0.99,1.6,0.00989643268124281
3.66,25.879,0.258,1,1.6,0.0099694733181344
3.67,25.872,0.258,1,1.6,0.0099721706864564
3.68,25.783,0.258,1.01,1.6,0.0100065934918357
3.69,25.698,0.258,1.02,1.6,0.0100396918048097
3.7,25.495,0.257,1.02,1.6,0.0100804079231222
3.71,25.371,0.257,1.02,1.6,0.0101296756138899
3.72,25.076,0.256,1.03,1.6,0.0102089647471686
3.73,24.966,0.255,1.03,1.6,0.0102138908916126
3.74,24.693,0.253,1.03,1.6,0.0102458186530596
3.75,24.544,0.251,1.03,1.6,0.0102265319426336
3.76,24.21,0.249,1.04,1.6,0.0102850061957869
3.77,24.086,0.247,1.03,1.6,0.0102549198704642
3.78,23.774,0.245,1.03,1.6,0.0103053756204257
3.79,23.649,0.242,1.03,1.6,0.0102329908241363
3.8,23.461,0.24,1.03,1.6,0.0102297429777077
3.81,23.298,0.238,1.02,1.6,0.0102154691389819
3.82,23.223,0.236,1.02,1.6,0.0101623390604142
3.83,23.092,0.235,1.02,1.6,0.0101766845660835
3.84,23.049,0.233,1.01,1.6,0.0101088984337715
3.85,22.893,0.232,1.01,1.6,0.0101341021272878
3.86,22.854,0.232,1.01,1.6,0.0101513958169248
3.87,22.854,0.231,1.01,1.6,0.0101076398004726
3.88,22.854,0.231,1.01,1.6,0.0101076398004726
3.89,22.879,0.23,1.01,1.6,0.0100528869268762
3.9,22.943,0.23,1.01,1.6,0.0100248441790524
3.91,22.907,0.23,1.01,1.6,0.0100405989435544
3.92,22.918,0.23,1.01,1.6,0.0100357797364517
3.93,22.868,0.23,1.01,1.6,0.0100577225817737
3.94,22.854,0.23,1.01,1.6,0.0100638837840203
3.95,22.854,0.229,1.01,1.6,0.010020127767568
3.96,22.84,0.229,1,1.6,0.0100262697022767
3.97,22.776,0.227,1,1.6,0.00996663154197401
3.98,22.762,0.224,0.99,1.6,0.00984096300852298
3.99,22.705,0.22,0.97,1.6,0.00968949570579168
4,22.677,0.216,0.95,1.6,0.00952506945363143
4.01,22.645,0.21,0.93,1.6,0.00927357032457496
4.02,22.634,0.203,0.9,1.6,0.00896880798798268
4.03,22.627,0.196,0.87,1.6,0.00866221770451231
4.04,22.588,0.191,0.85,1.6,0.00845581724809633
4.05,22.513,0.187,0.83,1.6,0.00830631190867499
4.06,22.439,0.184,0.82,1.6,0.00820000891305317
4.07,22.396,0.181,0.81,1.6,0.00808180032148598
4.08,22.3,0.182,0.82,1.6,0.00816143497757848
4.09,22.3,0.183,0.82,1.6,0.00820627802690583
4.1,22.307,0.184,0.83,1.6,0.00824853185098848
4.11,22.315,0.186,0.84,1.6,0.00833520053775487
4.12,22.304,0.188,0.85,1.6,0.00842898134863702
4.13,22.286,0.189,0.86,1.6,0.00848066050435251
4.14,21.81,0.19,0.87,1.6,0.00871160018340211
4.15,21.763,0.192,0.87,1.6,0.00882231310021596
4.16,21.76,0.193,0.88,1.6,0.00886948529411765
4.17,21.78,0.195,0.89,1.6,0.00895316804407714
4.18,21.8,0.196,0.9,1.6,0.00899082568807339
4.19,21.821,0.198,0.9,1.6,0.009073827963888
4.2,21.857,0.199,0.91,1.6,0.00910463467081484
4.21,21.921,0.201,0.92,1.6,0.00916928972218421
4.22,21.995,0.203,0.93,1.6,0.00922937031143442
4.23,22.006,0.205,0.94,1.6,0.0093156411887667
4.24,21.992,0.207,0.94,1.6,0.00941251364132412
4.25,21.942,0.209,0.95,1.6,0.00952511165800747
4.26,21.917,0.21,0.96,1.6,0.00958160332162248
4.27,21.896,0.212,0.97,1.6,0.00968213372305444
4.28,21.896,0.213,0.98,1.6,0.00972780416514432
4.29,21.867,0.214,0.99,1.6,0.00978643618237527
4.3,21.821,0.215,1,1.6,0.00985289400119151
4.31,21.771,0.215,1,1.6,0.0098755224840384
4.32,21.605,0.215,1.01,1.6,0.00995140013885675
4.33,21.495,0.216,1.02,1.6,0.0100488485694348
4.34,21.225,0.216,1.02,1.6,0.0101766784452297
4.35,21.072,0.215,1.03,1.6,0.010203113135915
4.36,20.831,0.215,1.04,1.6,0.0103211559694686
4.37,20.731,0.214,1.04,1.6,0.0103227051275867
4.38,20.525,0.214,1.05,1.6,0.0104263093788063
4.39,20.422,0.213,1.05,1.6,0.0104299285084713
4.4,20.206,0.211,1.05,1.6,0.0104424428387608
4.41,20.011,0.21,1.05,1.6,0.010494228174504
4.42,19.911,0.208,1.05,1.6,0.0104464868665562
4.43,19.808,0.206,1.04,1.6,0.0103998384491115
4.44,19.752,0.204,1.04,1.6,0.0103280680437424
4.45,19.602,0.201,1.03,1.6,0.0102540557086012
4.46,19.539,0.2,1.03,1.6,0.010235938379651
4.47,19.382,0.198,1.02,1.6,0.0102156640181612
4.48,19.297,0.197,1.02,1.6,0.0102088407524486
4.49,19.173,0.195,1.02,1.6,0.010170552339227
4.5,19.091,0.194,1.01,1.6,0.0101618563721125
4.51,19.052,0.194,1.01,1.6,0.0101826579886626
4.52,19.056,0.193,1,1.6,0.0101280436607893
4.53,19.059,0.192,1,1.6,0.0100739807964741
4.54,19.074,0.191,1,1.6,0.0100136311208976
4.55,19.226,0.191,0.99,1.6,0.00993446374700926
4.56,19.35,0.191,0.99,1.6,0.00987080103359173
4.57,19.397,0.191,0.99,1.6,0.00984688353869155
4.58,19.393,0.191,0.99,1.6,0.00984891455679885
4.59,19.347,0.191,0.99,1.6,0.00987233162764253
4.6,19.265,0.191,0.99,1.6,0.00991435245263431
4.61,19.255,0.191,0.99,1.6,0.00991950142820047
4.62,19.255,0.191,0.99,1.6,0.00991950142820047
4.63,19.279,0.191,0.99,1.6,0.00990715286062555
4.64,19.365,0.191,0.99,1.6,0.00986315517686548
4.65,19.386,0.191,0.99,1.6,0.00985247085525637
4.66,19.389,0.19,0.99,1.6,0.00979937077724483
4.67,19.407,0.19,0.98,1.6,0.00979028185706188
4.68,19.357,0.19,0.98,1.6,0.00981557059461693
4.69,19.315,0.189,0.98,1.6,0.00978514108206057
4.7,19.272,0.189,0.98,1.6,0.00980697384806974
4.71,19.251,0.188,0.98,1.6,0.00976572645576853
4.72,19.208,0.188,0.98,1.6,0.00978758850478967
4.73,19.162,0.188,0.98,1.6,0.00981108443795011
4.74,19.148,0.187,0.98,1.6,0.00976603300605807
4.75,19.148,0.187,0.97,1.6,0.00976603300605807
4.76,19.148,0.187,0.97,1.6,0.00976603300605807
4.77,19.162,0.187,0.97,1.6,0.00975889781859931
4.78,19.169,0.186,0.97,1.6,0.00970316657102614
4.79,19.247,0.186,0.96,1.6,0.00966384371590378
4.8,19.283,0.186,0.96,1.6,0.00964580200176321
4.81,19.382,0.186,0.95,1.6,0.00959653286554535
4.82,19.45,0.186,0.95,1.6,0.00956298200514139
4.83,19.585,0.186,0.94,1.6,0.00949706407965279
4.84,19.645,0.186,0.94,1.6,0.00946805803003309
4.85,19.787,0.186,0.94,1.6,0.00940011118411078
4.86,19.84,0.186,0.94,1.6,0.009375
4.87,19.965,0.187,0.94,1.6,0.009366391184573
4.88,20.096,0.187,0.94,1.6,0.00930533439490446
4.89,20.128,0.188,0.94,1.6,0.00934022257551669
4.9,20.149,0.189,0.94,1.6,0.00938011812000595
4.91,20.142,0.189,0.94,1.6,0.00938337801608579
4.92,20.089,0.19,0.94,1.6,0.00945791229030813
4.93,20.046,0.19,0.94,1.6,0.00947820013967874
4.94,20.037,0.189,0.94,1.6,0.00943254978290163
4.95,20.04,0.188,0.94,1.6,0.0093812375249501
4.96,20.043,0.187,0.93,1.6,0.00932994062765055
4.97,20.067,0.185,0.93,1.6,0.00921911596152888
4.98,20.075,0.183,0.91,1.6,0.00911581569115816
4.99,20.071,0.18,0.9,1.6,0.00896816302127447
5,20.032,0.177,0.89,1.6,0.00883586261980831
5.01,20.011,0.173,0.87,1.6,0.00864524511518665
5.02,19.947,0.169,0.85,1.6,0.00847245199779416
5.03,19.943,0.166,0.83,1.6,0.0083237226094369
5.04,19.922,0.164,0.82,1.6,0.00823210521032025
5.05,19.89,0.162,0.81,1.6,0.0081447963800905
5.06,19.83,0.16,0.81,1.6,0.00806858295511851
5.07,19.83,0.16,0.81,1.6,0.00806858295511851
5.08,19.83,0.161,0.82,1.6,0.008119011598588
5.09,19.837,0.162,0.83,1.6,0.00816655744316177
5.1,19.808,0.163,0.84,1.6,0.00822899838449112
5.11,19.762,0.164,0.85,1.6,0.00829875518672199
5.12,19.666,0.165,0.86,1.6,0.0083901149191498
5.13,19.102,0.166,0.87,2.6,0.00869018950895194
5.14,18.861,0.167,0.88,2.6,0.00885424950957001
5.15,18.619,0.168,0.9,2.4,0.00902304097964445
5.16,18.591,0.17,0.91,2.6,0.00914420956376742
5.17,18.541,0.17,0.92,2.6,0.00916886899304245
5.18,18.488,0.171,0.93,2.6,0.00924924275205539
5.19,18.456,0.172,0.93,2.6,0.00931946250541829
5.2,18.442,0.172,0.94,2.6,0.00932653725192495
5.21,18.353,0.173,0.94,2.6,0.00942625183893641
5.22,18.335,0.172,0.95,2.6,0.00938096536678484
5.23,18.25,0.172,0.95,2.4,0.00942465753424658
5.24,18.207,0.172,0.95,2.6,0.00944691602131048
5.25,18.14,0.172,0.95,2.6,0.00948180815876516
5.26,18.09,0.171,0.95,2.6,0.00945273631840796
5.27,18.037,0.17,0.95,2.6,0.00942507068803016
5.28,17.969,0.17,0.96,2.6,0.00946073793755913
5.29,17.916,0.17,0.96,2.6,0.00948872516186649
5.3,17.721,0.169,0.97,2.6,0.00953670786073021
5.31,17.632,0.169,0.97,2.6,0.00958484573502722
5.32,17.37,0.168,0.98,2.6,0.00967184801381693
5.33,17.252,0.168,0.98,2.6,0.00973800139114306
5.34,17.022,0.166,0.98,2.6,0.00975208553636471
5.35,16.912,0.165,0.98,2.6,0.00975638599810785
5.36,16.723,0.164,0.98,2.6,0.00980685283740956
5.37,16.624,0.162,0.98,2.6,0.00974494706448508
5.38,16.493,0.161,0.97,2.6,0.00976171709209968
5.39,16.468,0.159,0.96,2.6,0.00965508865678892
5.4,16.461,0.158,0.96,2.6,0.00959844480894235
5.41,16.457,0.157,0.96,2.6,0.0095400133681716
5.42,16.454,0.156,0.95,2.6,0.00948097726996475
5.43,16.436,0.155,0.95,2.6,0.00943051837430032
5.44,16.4,0.154,0.95,2.6,0.00939024390243903
5.45,16.326,0.153,0.95,2.6,0.0093715545755237
5.46,16.251,0.152,0.95,2.6,0.00935327056796505
5.47,16.092,0.151,0.94,2.6,0.00938354461844395
5.48,16.021,0.149,0.94,2.6,0.00930029336495849
5.49,15.843,0.147,0.94,2.6,0.00927854572997538
5.5,15.776,0.146,0.93,2.6,0.00925456389452333
5.51,15.612,0.144,0.93,2.6,0.00922367409684858
5.52,15.541,0.142,0.93,2.6,0.0091371211633743
5.53,15.396,0.141,0.93,2.6,0.00915822291504287
5.54,15.304,0.141,0.93,2.6,0.00921327757449033
5.55,15.087,0.14,0.94,2.6,0.00927951216278916
5.56,14.995,0.139,0.94,2.6,0.00926975658552851
5.57,14.817,0.139,0.95,2.6,0.00938111628534791
5.58,14.626,0.138,0.95,2.6,0.00943525229044168
5.59,14.558,0.138,0.96,2.6,0.00947932408297843
5.6,14.402,0.137,0.96,2.6,0.0095125676989307
5.61,14.334,0.137,0.97,2.6,0.00955769499093066
5.62,14.157,0.136,0.97,2.6,0.00960655506110052
5.63,14.061,0.135,0.97,2.6,0.00960102410923832
5.64,13.837,0.134,0.98,2.6,0.0096841800968418
5.65,13.731,0.133,0.98,2.6,0.00968611171801034
5.66,13.507,0.132,0.98,2.6,0.00977271044643518
5.67,13.436,0.131,0.97,2.6,0.00974992557308723
5.68,13.323,0.129,0.97,2.6,0.00968250394055393
5.69,13.202,0.127,0.96,2.6,0.00961975458263899
5.7,13.202,0.125,0.95,2.6,0.0094682623844872
5.71,13.188,0.123,0.94,2.6,0.00932666060054595
5.72,13.156,0.122,0.94,2.6,0.00927333536029188
5.73,13.035,0.12,0.93,2.6,0.00920598388952819
5.74,12.954,0.118,0.92,2.6,0.00910915547321291
5.75,12.776,0.116,0.92,2.6,0.00907952410770194
5.76,12.694,0.115,0.92,2.6,0.00905939814085395
5.77,12.517,0.114,0.92,2.6,0.0091076136454422
5.78,12.425,0.113,0.92,2.6,0.00909456740442656
5.79,12.254,0.113,0.92,2.6,0.00922147870083238
5.8,12.204,0.112,0.93,2.6,0.00917731891183219
5.81,12.091,0.112,0.93,2.6,0.00926308824745679
5.82,12.048,0.112,0.94,2.6,0.00929614873837981
5.83,11.952,0.112,0.95,2.6,0.00937081659973226
5.84,11.814,0.112,0.95,2.6,0.00948027763670222
5.85,11.757,0.112,0.96,2.6,0.00952623968699498
5.86,11.612,0.112,0.97,2.6,0.00964519462624871
5.87,11.551,0.112,0.98,2.6,0.00969613020517704
5.88,11.42,0.112,0.99,2.6,0.00980735551663748
5.89,11.353,0.112,1,2.6,0.00986523385889192
5.9,11.218,0.113,1.02,2.6,0.0100730968087003
5.91,11.147,0.114,1.03,2.6,0.0102269668969229
5.92,11.001,0.115,1.05,2.6,0.0104535951277157
5.93,10.87,0.116,1.07,2.6,0.0106715731370745
5.94,10.806,0.118,1.11,2.6,0.0109198593374051
5.95,10.678,0.119,1.13,2.6,0.011144409065368
5.96,10.625,0.12,1.15,2.6,0.0112941176470588
5.97,10.508,0.12,1.16,2.6,0.0114198705748002
5.98,10.426,0.12,1.18,2.6,0.0115096873201611
5.99,10.238,0.118,1.19,2.6,0.0115256886110568
6,10.128,0.114,1.17,2.6,0.0112559241706161
6.01,9.851,0.111,1.16,2.6,0.0112678915846107
6.02,9.681,0.107,1.16,2.6,0.0110525772130978
6.03,9.347,0.104,1.17,2.6,0.0111265646731572
6.04,9.194,0.1,1.18,2.6,0.0108766586904503
6.05,8.864,0.096,1.19,2.6,0.0108303249097473
6.06,8.47,0.094,1.24,2.6,0.0110979929161747
6.07,8.253,0.092,1.29,2.6,0.0111474615291409
6.08,7.625,0.09,1.35,2.6,0.0118032786885246
6.09,6.308,0.088,1.4,2.6,0.0139505389980977
6.1,5.751,0.085,1.46,2.6,0.0147800382542167
6.11,5.641,0.082,1.52,2.6,0.0145364297110441
6.12,4.519,0.08,1.59,3.2,0.0177030316441691
6.13,4.59,0.077,1.67,3.2,0.0167755991285403
6.14,4.48,0.073,1.7,3.2,0.0162946428571429
6.15,4.331,0.071,1.73,3.2,0.0163934426229508
6.16,4.178,0.068,1.78,3.2,0.0162757300143609
6.17,3.887,0.065,1.79,3.2,0.0167224080267559
6.18,3.607,0.062,1.81,3.2,0.0171887995564181
6.19,3.472,0.06,1.84,3.2,0.0172811059907834
6.2,3.184,0.057,1.88,3.2,0.0179020100502513
6.21,3.056,0.054,1.93,3.2,0.0176701570680628
6.22,2.787,0.051,1.96,3.2,0.0182992465016146
6.23,2.567,0.049,2,3.2,0.0190884300740164
6.24,2.339,0.047,2.07,3.2,0.0200940572894399
6.25,2.247,0.044,2.12,3.2,0.0195816644414775
6.26,2.023,0.042,2.2,3.2,0.0207612456747405
6.27,1.818,0.04,2.29,3.2,0.022002200220022
6.28,1.676,0.038,2.4,3.2,0.022673031026253
6.29,1.605,0.037,2.54,3.2,0.0230529595015576
6.3,1.416,0.035,2.68,3.2,0.0247175141242938
6.31,1.328,0.034,2.87,3.2,0.0256024096385542
6.32,1.154,0.033,3.09,3.2,0.0285961871750433
6.33,1.015,0.032,3.34,3.2,0.0315270935960591
6.34,0.934,0.03,3.58,3.2,0.0321199143468951
6.35,0.799,0.029,3.75,3.2,0.0362953692115144
6.36,0.678,0.027,3.98,3.2,0.0398230088495575
6.37,0.611,0.026,4.19,3.2,0.0425531914893617
6.38,0.479,0.025,4.44,3.2,0.0521920668058455
6.39,0.412,0.023,4.75,3.2,0.0558252427184466
6.4,0.47,0.023,5.1,3.2,0.048936170212766
6.41,0.529,0.022,5.47,3.2,0.0415879017013232
6.42,0.44,0.022,5.83,3.2,0.05
6.43,0.408,0.022,6.04,3.2,0.053921568627451
6.44,0.341,0.021,6.17,3.2,0.06158357771261
6.45,0.266,0.021,6.38,3.2,0.0789473684210526
6.46,0.245,0.021,6.69,3.2,0.0857142857142857
6.47,0.256,0.021,6.91,3.2,0.08203125
6.48,0.266,0.021,7.05,3.2,0.0789473684210526
6.49,0.288,0.021,7.14,3.2,0.0729166666666667
6.5,0.305,0.022,7.09,3.2,0.0721311475409836
6.51,0.337,0.022,7.01,3.2,0.0652818991097923
6.52,0.344,0.023,6.97,3.2,0.0668604651162791
6.53,0.334,0.024,7,3.2,0.0718562874251497
6.54,0.334,0.025,7.18,3.2,0.0748502994011976
6.55,0.334,0.026,7.29,3.2,0.0778443113772455
6.56,0.334,0.027,7.4,3.2,0.0808383233532934
6.57,0.344,0.029,7.44,3.2,0.0843023255813954
6.58,0.366,0.03,7.39,3.2,0.0819672131147541
6.59,0.376,0.031,7.19,3.2,0.0824468085106383
6.6,0.408,0.032,6.38,3.2,0.0784313725490196
6.61,0.422,0.032,5.94,3.2,0.0758293838862559
6.62,0.465,0.032,5.46,3.2,0.0688172043010753
6.63,0.547,0.032,4.91,3.2,0.0585009140767825
6.64,0.593,0.031,4.48,3.4,0.0522765598650927
6.65,0.628,0.03,4.15,3.2,0.0477707006369427
6.66,0.994,0.03,3.89,4.7,0.0301810865191147
6.67,0.792,0.029,3.65,5,0.0366161616161616
6.68,0.902,0.028,3.46,3.9,0.0310421286031042
6.69,1.012,0.027,3.29,3.9,0.0266798418972332
6.7,0.859,0.026,3.13,3.9,0.030267753201397
6.71,0.793,0.024,3.09,3.9,0.0302648171500631
6.72,0.773,0.023,3,3.9,0.0297542043984476
6.73,0.753,0.022,2.95,3.9,0.0292164674634794
6.74,0.742,0.021,2.94,3.9,0.0283018867924528
6.75,0.724,0.019,2.88,3.9,0.0262430939226519
6.76,0.678,0.018,2.81,3.9,0.0265486725663717
6.77,0.657,0.017,2.77,3.9,0.0258751902587519
6.78,0.614,0.017,2.78,3.9,0.0276872964169381
6.79,0.586,0.016,2.82,3.9,0.0273037542662116
6.8,0.582,0.016,2.91,3.9,0.0274914089347079
6.81,0.543,0.016,2.98,3.9,0.0294659300184162
6.82,0.511,0.016,3.15,3.9,0.0313111545988258
6.83,0.454,0.017,3.31,3.9,0.0374449339207048
6.84,0.453,0.017,3.45,3.9,0.0375275938189846
6.85,0.453,0.018,3.55,3.9,0.0397350993377483
6.86,0.454,0.018,3.59,3.9,0.039647577092511
6.87,0.483,0.019,3.59,3.9,0.0393374741200828
6.88,0.479,0.019,3.49,3.9,0.0396659707724426
6.89,0.511,0.02,3.39,3.9,0.0391389432485323
6.9,0.575,0.019,3.24,3.9,0.0330434782608696
6.91,0.607,0.019,3.18,3.9,0.0313014827018122
6.92,0.635,0.02,3.2,3.9,0.031496062992126
6.93,0.696,0.02,3.3,3.9,0.028735632183908
6.94,0.753,0.021,3.41,3.9,0.0278884462151394
6.95,0.699,0.022,3.55,3.9,0.0314735336194564
6.96,0.717,0.023,3.7,3.9,0.0320781032078103
6.97,0.57,0.024,3.91,3.9,0.0421052631578947
6.98,0.517,0.026,4.23,3.9,0.0502901353965184
6.99,0.505,0.027,4.21,3.9,0.0534653465346535
7,0.531,0.027,4.02,3.9,0.0508474576271186
7.01,0.557,0.026,3.79,3.9,0.0466786355475763
7.02,0.596,0.026,3.42,3.9,0.0436241610738255
7.03,0.689,0.026,3.17,3.9,0.0377358490566038
7.04,0.738,0.024,2.57,3.9,0.032520325203252
7.05,0.856,0.023,2.18,3.9,0.0268691588785047
7.06,0.998,0.023,1.89,3.9,0.0230460921843687
7.07,1.072,0.023,1.68,3.9,0.021455223880597
7.08,1.257,0.024,1.51,3.9,0.0190930787589499
7.09,1.36,0.025,1.37,3.9,0.0183823529411765
7.1,1.629,0.027,1.3,3.9,0.0165745856353591
7.11,1.903,0.028,1.22,3.9,0.0147136100893326
7.12,2.279,0.03,1.16,3.9,0.0131636682755595
7.13,2.464,0.033,1.1,3.9,0.0133928571428571
7.14,2.836,0.035,1.05,3.9,0.0123413258110014
7.15,3.273,0.038,1.02,3.9,0.0116101435991445
7.16,3.5,0.039,0.97,4,0.0111428571428571
7.17,3.994,0.041,0.92,4,0.0102653980971457
7.18,4.455,0.042,0.87,4,0.00942760942760943
7.19,4.888,0.043,0.84,3.9,0.00879705400981997
7.2,5.435,0.044,0.81,3.9,0.00809567617295308
7.21,5.698,0.044,0.77,4,0.00772200772200772
7.22,6.006,0.045,0.74,3.9,0.00749250749250749
7.23,6.266,0.046,0.72,4,0.00734120651133099
7.24,6.51,0.047,0.71,4,0.00721966205837174
7.25,6.713,0.048,0.71,4,0.0071503053776255
7.26,6.908,0.05,0.71,4,0.00723798494499131
7.27,7.048,0.051,0.72,4,0.0072360953461975
7.28,7.189,0.053,0.73,4,0.00737237446098206
7.29,7.355,0.055,0.74,4,0.00747790618626784
7.3,7.522,0.056,0.75,4,0.0074448285030577
7.31,7.433,0.058,0.76,4,0.00780304049508947
7.32,7.636,0.059,0.77,4.2,0.00772655840754322
7.33,7.838,0.06,0.77,4.2,0.0076550140341924
7.34,7.838,0.062,0.77,4.2,0.00791018116866548
7.35,7.838,0.063,0.77,5.2,0.00803776473590202
7.36,7.838,0.064,0.77,5.2,0.00816534830313856
7.37,7.838,0.065,0.78,5.2,0.0082929318703751
7.38,8.708,0.066,0.78,5.2,0.00757923748277446
7.39,8.708,0.066,0.77,5.2,0.00757923748277446
7.4,8.708,0.067,0.77,5.2,0.00769407441433165
7.41,8.861,0.067,0.76,4.7,0.00756122333822368
7.42,8.988,0.067,0.76,4.7,0.00745438362260792
7.43,9.013,0.067,0.75,4.5,0.00743370686785754
7.44,8.978,0.067,0.75,4.5,0.00746268656716418
7.45,8.892,0.067,0.75,4.5,0.00753486279802069
7.46,8.846,0.067,0.75,4.5,0.00757404476599593
7.47,8.825,0.066,0.75,4.7,0.00747875354107649
7.48,8.829,0.066,0.75,4.5,0.00747536527353041
7.49,8.811,0.066,0.75,4.7,0.00749063670411985
7.5,8.811,0.066,0.75,4.5,0.00749063670411985
7.51,8.804,0.067,0.76,4.5,0.00761017719218537
7.52,8.811,0.067,0.77,4.7,0.00760413119963682
7.53,8.797,0.068,0.77,4.5,0.00772990792315562
7.54,8.765,0.068,0.78,4.7,0.00775812892184826
7.55,8.715,0.069,0.79,4.7,0.00791738382099828
7.56,8.687,0.07,0.81,4.5,0.008058017727639
7.57,8.655,0.07,0.81,4.7,0.00808781051415367
7.58,8.655,0.07,0.81,4.7,0.00808781051415367
7.59,8.637,0.07,0.81,4.7,0.00810466597198101
7.6,8.648,0.069,0.81,4.7,0.00797872340425532
7.61,8.605,0.069,0.81,4.7,0.00801859384079024
7.62,8.584,0.068,0.8,4.7,0.00792171481826654
7.63,8.541,0.067,0.79,4.7,0.00784451469382976
7.64,8.52,0.067,0.79,4.7,0.00786384976525822
7.65,8.484,0.067,0.79,4.7,0.0078972182932579
7.66,8.456,0.066,0.78,4.7,0.00780510879848628
7.67,8.458,0.066,0.78,4.7,0.00780326318278553
7.68,8.459,0.066,0.78,4.7,0.00780234070221066
7.69,8.481,0.066,0.78,4.7,0.00778210116731518
7.7,8.488,0.066,0.78,4.7,0.00777568331762488
7.71,8.47,0.066,0.78,4.7,0.00779220779220779
7.72,8.474,0.066,0.79,4.7,0.00778852962001416
7.73,8.427,0.066,0.79,4.7,0.00783196867212531
7.74,8.406,0.067,0.8,4.7,0.00797049726385915
7.75,8.381,0.067,0.8,4.7,0.00799427275981386
7.76,8.342,0.067,0.8,4.7,0.00803164708702949
7.77,8.314,0.066,0.8,4.7,0.00793841712773635
7.78,8.257,0.065,0.8,4.7,0.00787210851398813
7.79,8.204,0.065,0.8,4.7,0.00792296440760605
7.8,8.143,0.064,0.8,4.7,0.00785951123664497
7.81,8.094,0.062,0.79,4.7,0.00765999505806771
7.82,7.959,0.062,0.79,4.7,0.00778992335720568
7.83,7.888,0.061,0.8,4.7,0.00773326572008114
7.84,7.7,0.06,0.8,4.7,0.00779220779220779
7.85,7.597,0.059,0.8,4.7,0.00776622350927998
7.86,7.391,0.059,0.81,4.7,0.00798268163983223
7.87,7.203,0.058,0.82,4.7,0.00805220047202554
7.88,7.093,0.057,0.83,4.7,0.00803609192161286
7.89,6.897,0.056,0.83,4.7,0.00811947223430477
7.9,6.791,0.056,0.84,4.7,0.00824620821675747
7.91,6.581,0.055,0.85,4.7,0.00835739249354201
7.92,6.468,0.054,0.86,4.7,0.00834879406307978
7.93,6.255,0.054,0.87,4.7,0.00863309352517986
7.94,6.163,0.053,0.87,4.7,0.00859970793444751
7.95,5.978,0.052,0.88,4.7,0.00869856139176982
7.96,5.921,0.052,0.89,4.7,0.00878230028711366
7.97,5.772,0.053,0.91,4.7,0.00918225918225918
7.98,5.669,0.054,0.94,4.7,0.00952548950432175
7.99,5.623,0.055,0.97,4.7,0.00978125555753157
8,5.563,0.057,1.01,4.7,0.0102462699982024
8.01,5.563,0.06,1.06,4.7,0.0107855473665289
8.02,5.573,0.064,1.12,4.7,0.011483940427059
8.03,5.605,0.066,1.15,4.7,0.0117752007136485
8.04,5.673,0.067,1.14,4.7,0.0118103296315882
8.05,5.708,0.067,1.12,4.7,0.0117379117028732
8.06,5.808,0.066,1.08,4.7,0.0113636363636364
8.07,5.875,0.066,1.06,4.7,0.0112340425531915
8.08,6.134,0.061,0.97,4.7,0.00994457124225628
8.09,6.308,0.059,0.93,4.7,0.00935320228281547
8.1,6.645,0.059,0.9,4.7,0.00887885628291949
8.11,6.766,0.058,0.89,4.7,0.00857227313035767
8.12,6.826,0.059,0.9,4.7,0.00864342220920012
8.13,6.983,0.06,0.91,4.7,0.00859229557496778
8.14,6.784,0.061,0.94,4.7,0.00899174528301887
8.15,6.589,0.063,0.97,4.7,0.00956139019578085
8.16,6.507,0.065,1.02,4.7,0.00998924235438758
8.17,6.454,0.067,1.07,4.8,0.0103811589711807
8.18,6.315,0.069,1.13,4.7,0.0109263657957245
8.19,6.216,0.071,1.19,4.7,0.0114221364221364
8.2,5.957,0.073,1.26,4.7,0.0122544905153601
8.21,5.829,0.076,1.33,4.7,0.0130382569909075
8.22,5.648,0.079,1.42,4.7,0.0139872521246459
8.23,5.548,0.083,1.52,4.7,0.0149603460706561
8.24,5.332,0.088,1.65,4.7,0.0165041260315079
8.25,5.279,0.093,1.79,4.8,0.0176169729115363
8.26,5.119,0.099,1.94,4.7,0.0193397147880445
8.27,5.066,0.105,2.1,4.7,0.0207264113699171
8.28,5.048,0.11,2.25,4.7,0.0217908082408875
8.29,5.051,0.114,2.38,4.7,0.0225697881607602
8.3,4.835,0.116,2.47,4.7,0.0239917269906929
8.31,4.668,0.117,2.52,4.7,0.0250642673521851
8.32,4.586,0.116,2.52,4.7,0.0252943741822939
8.33,4.409,0.114,2.46,4.7,0.025856203220685
8.34,4.31,0.111,2.37,4.7,0.025754060324826
8.35,4.349,0.107,2.24,4.7,0.0246033570935847
8.36,4.388,0.104,2.12,4.7,0.0237010027347311
8.37,4.494,0.1,1.98,4.7,0.0222518914107699
8.38,4.696,0.097,1.86,4.7,0.0206558773424191
8.39,5.197,0.094,1.74,4.7,0.0180873580912065
8.4,5.485,0.092,1.64,4.7,0.0167730173199635
8.41,5.932,0.089,1.55,4.7,0.0150033715441672
8.42,6.131,0.087,1.47,4.7,0.0141901810471375
8.43,6.209,0.085,1.41,4.7,0.0136898051215977
8.44,6.351,0.082,1.36,4.7,0.0129113525429066
8.45,6.347,0.08,1.32,4.7,0.0126043800220577
8.46,6.312,0.079,1.31,4.7,0.0125158428390368
8.47,6.226,0.078,1.3,4.7,0.0125281079344684
8.48,6.028,0.077,1.3,4.7,0.0127737226277372
8.49,5.939,0.075,1.3,4.7,0.0126283886176124
8.5,5.754,0.075,1.31,4.7,0.0130344108446298
8.51,5.648,0.073,1.3,4.7,0.0129249291784703
8.52,5.463,0.071,1.29,4.7,0.0129965220574776
8.53,5.375,0.07,1.27,4.7,0.0130232558139535
8.54,5.257,0.068,1.24,4.7,0.0129351341069051
8.55,5.282,0.066,1.22,4.7,0.0124952669443393
8.56,5.307,0.065,1.19,4.7,0.012247974373469
8.57,5.36,0.064,1.18,4.7,0.0119402985074627
8.58,5.421,0.064,1.17,4.7,0.0118059398634938
8.59,5.612,0.065,1.17,4.7,0.0115823235923022
8.6,5.715,0.066,1.18,4.7,0.0115485564304462
8.61,5.63,0.066,1.18,4.7,0.0117229129662522
8.62,5.584,0.067,1.19,4.7,0.0119985673352436
8.63,5.603,0.068,1.19,4.7,0.0121363555238265
8.64,5.623,0.068,1.19,4.7,0.0120931886893118
8.65,5.694,0.069,1.18,4.7,0.012118018967334
8.66,5.815,0.068,1.17,4.8,0.0116938950988822
8.67,5.857,0.068,1.15,4.7,0.0116100392692505
8.68,5.893,0.068,1.15,4.7,0.011539114203292
8.69,5.999,0.068,1.14,4.7,0.0113352225370895
8.7,6.017,0.068,1.14,4.7,0.0113013129466512
8.71,6.049,0.068,1.14,4.7,0.0112415275252108
8.72,6.067,0.068,1.15,4.8,0.0112081753749794
8.73,6.088,0.067,1.16,4.7,0.0110052562417871
8.74,5.985,0.066,1.16,4.7,0.0110275689223058
8.75,5.911,0.064,1.16,4.8,0.0108272711893081
8.76,5.708,0.063,1.16,4.7,0.0110371408549404
8.77,5.57,0.061,1.16,4.7,0.010951526032316
8.78,5.286,0.059,1.16,4.7,0.0111615588346576
8.79,5.122,0.056,1.15,4.8,0.0109332292073409
8.8,4.803,0.054,1.16,4.8,0.0112429731417864
8.81,4.512,0.053,1.17,4.8,0.0117464539007092
8.82,4.391,0.053,1.2,4.7,0.0120701434752904
8.83,4.235,0.053,1.24,4.8,0.0125147579693034
8.84,4.157,0.054,1.3,4.8,0.012990137118114
8.85,3.951,0.056,1.37,4.8,0.0141736269298912
8.86,3.93,0.058,1.46,4.8,0.0147582697201018
8.87,3.876,0.062,1.54,4.8,0.0159958720330237
8.88,3.862,0.066,1.61,4.8,0.0170895908855515
8.89,3.864,0.07,1.67,4.8,0.0181159420289855
8.9,3.866,0.074,1.7,4.8,0.0191412312467667
8.91,3.933,0.078,1.71,4.8,0.0198321891685736
8.92,4.061,0.081,1.69,4.8,0.0199458261511943
8.93,4.476,0.084,1.65,4.8,0.0187667560321716
8.94,5.034,0.086,1.59,4.8,0.0170838299562972
8.95,5.197,0.088,1.53,4.8,0.0169328458726188
8.96,5.683,0.089,1.45,4.8,0.0156607425655464
8.97,6.049,0.091,1.37,4.8,0.0150438088940321
8.98,6.645,0.092,1.31,4.8,0.0138449962377728
8.99,6.922,0.092,1.25,4.8,0.013290956370991
9,7.504,0.093,1.19,4.8,0.0123933901918977
9.01,7.792,0.093,1.14,4.8,0.011935318275154
9.02,8.342,0.092,1.09,4.8,0.0110285303284584
9.03,8.8,0.092,1.05,4.8,0.0104545454545455
9.04,8.995,0.09,1,4.8,0.0100055586436909
9.05,9.304,0.088,0.95,4.8,0.00945829750644884
9.06,9.418,0.085,0.91,4.8,0.00902527075812275
9.07,9.634,0.082,0.87,4.8,0.00851152169400042
9.08,9.673,0.08,0.84,4.8,0.00827044350253282
9.09,9.727,0.076,0.79,4.8,0.00781330317672458
9.1,9.698,0.073,0.77,4.8,0.00752732522169519
9.11,9.624,0.071,0.74,4.8,0.00737738985868662
9.12,9.57,0.069,0.72,4.8,0.00721003134796238
9.13,9.556,0.067,0.7,4.8,0.00701130179991628
9.14,9.567,0.065,0.68,4.8,0.00679418835580642
9.15,9.54,0.064,0.67,5.2,0.00670859538784067
9.16,9.531,0.064,0.66,5.2,0.0067149302276781
9.17,9.598,0.063,0.66,5.2,0.00656386747239008
9.18,9.666,0.064,0.66,5.2,0.00662114628595075
9.19,9.748,0.064,0.66,5.2,0.00656544932293804
9.2,9.787,0.064,0.66,5.2,0.00653928680903239
9.21,9.823,0.065,0.67,5.2,0.00661712307848926
9.22,9.815,0.066,0.68,5.2,0.00672440142638818
9.23,9.787,0.067,0.69,5.2,0.00684581587820578
9.24,9.759,0.068,0.7,5.2,0.00696792704170509
9.25,9.673,0.068,0.7,5.2,0.0070298769771529
9.26,9.641,0.069,0.71,5.2,0.00715693392801577
9.27,9.654,0.07,0.72,5.2,0.00725088046405635
9.28,9.666,0.071,0.72,5.2,0.00734533416097662
9.29,9.705,0.071,0.72,5.2,0.00731581658938691
9.3,9.801,0.072,0.72,5.2,0.00734618916437098
9.31,9.922,0.072,0.72,5.2,0.00725660149163475
9.32,10.057,0.073,0.72,5.2,0.00725862583275331
9.33,10.149,0.074,0.71,5.2,0.0072913587545571
9.34,10.323,0.075,0.71,5.2,0.00726532984597501
9.35,10.426,0.076,0.71,5.1,0.00728946863610205
9.36,10.611,0.076,0.71,5.2,0.00716237866365093
9.37,10.731,0.078,0.7,5.2,0.00726866088901314
9.38,10.969,0.079,0.7,5.2,0.0072021150515088
9.39,11.111,0.08,0.7,5.2,0.00720007200072001
9.4,11.402,0.081,0.7,5.2,0.00710401683915103
9.41,11.626,0.082,0.71,5.2,0.0070531567177017
9.42,11.743,0.084,0.71,5.2,0.00715319764966363
9.43,11.967,0.085,0.71,5.1,0.00710286621542575
9.44,12.048,0.086,0.72,5.2,0.00713811420982736
9.45,12.183,0.087,0.72,5.2,0.00714109825166215
9.46,12.194,0.088,0.72,5.2,0.00721666393308184
9.47,12.144,0.088,0.73,5.2,0.0072463768115942
9.48,12.148,0.089,0.73,5.2,0.00732630885742509
9.49,12.151,0.089,0.73,5.2,0.00732450004114888
9.5,12.173,0.089,0.73,5.2,0.00731126263041157
9.51,12.197,0.09,0.73,5.2,0.00737886365499713
9.52,12.197,0.09,0.73,5.2,0.00737886365499713
9.53,12.222,0.091,0.73,5.2,0.00744558991981672
9.54,12.29,0.091,0.73,5.2,0.00740439381611066
9.55,12.407,0.092,0.73,5.2,0.0074151688562908
9.56,12.602,0.092,0.73,5.2,0.00730042850341216
9.57,12.751,0.093,0.73,5.2,0.00729354560426633
9.58,12.79,0.094,0.73,5.2,0.0073494917904613
9.59,12.851,0.096,0.74,5.2,0.00747023577931678
9.6,12.911,0.099,0.75,5.2,0.0076678801022384
9.61,13.021,0.103,0.76,5.2,0.00791029874817602
9.62,13.124,0.107,0.78,5.2,0.00815300213349589
9.63,13.394,0.112,0.79,5.2,0.00836195311333433
9.64,13.592,0.117,0.8,5.2,0.00860800470865215
9.65,14.125,0.121,0.8,5.2,0.00856637168141593
9.66,14.491,0.124,0.8,5.2,0.00855703540128356
9.67,15.449,0.127,0.79,5.2,0.00822059680238203
9.68,15.974,0.13,0.78,5.2,0.00813822461499937
9.69,16.894,0.132,0.77,5.2,0.00781342488457441
9.7,17.419,0.135,0.77,5.2,0.00775015787358631
9.71,18.58,0.139,0.78,5.2,0.00748116254036599
9.72,18.797,0.143,0.79,5.2,0.00760759695696122
9.73,18.839,0.148,0.81,5.2,0.00785604331440098
9.74,18.731,0.151,0.82,5.2,0.00806150232235332
9.75,18.623,0.154,0.83,5.2,0.00826934435912581
9.76,18.63,0.155,0.84,5.2,0.00831991411701557
9.77,18.605,0.154,0.84,5.2,0.008277344799785
9.78,18.559,0.152,0.83,5.2,0.00819009644916213
9.79,18.545,0.148,0.82,5.2,0.00798058775950391
9.8,18.41,0.145,0.81,5.2,0.00787615426398696
9.81,18.264,0.14,0.8,5.2,0.00766535260621989
9.82,17.831,0.137,0.79,5.2,0.0076832482754753
9.83,17.593,0.134,0.79,5.2,0.00761666571932018
9.84,17.071,0.131,0.78,5.2,0.00767383281588659
9.85,16.603,0.129,0.79,5.2,0.00776968017828103
9.86,16.372,0.126,0.79,5.2,0.00769606645492304
9.87,15.754,0.125,0.79,5.2,0.00793449282721848
9.88,15.545,0.123,0.79,5.2,0.00791251206175619
9.89,15.215,0.122,0.79,5.2,0.00801840289188301
9.9,15.073,0.12,0.79,5.2,0.00796125522457374
9.91,15.002,0.12,0.79,5.2,0.00799893347553659
9.92,14.977,0.119,0.78,5.2,0.00794551645856981
9.93,14.98,0.12,0.78,5.2,0.00801068090787717
9.94,14.984,0.12,0.78,5.2,0.00800854244527496
9.95,15.176,0.121,0.78,5.2,0.00797311544544017
9.96,15.261,0.122,0.78,5.2,0.00799423366751851
9.97,15.506,0.123,0.78,5.2,0.00793241325938346
9.98,15.822,0.124,0.77,5.2,0.00783718872456074
9.99,16.014,0.125,0.77,5.2,0.00780567003871612
10,16.4,0.125,0.77,5.2,0.0076219512195122
10.01,16.532,0.126,0.76,5.2,0.00762158238567626
10.02,16.695,0.126,0.76,5.2,0.00754716981132075
10.03,16.773,0.126,0.76,5.2,0.00751207297442318
10.04,16.915,0.126,0.75,5.2,0.00744900975465563
10.05,16.958,0.126,0.75,5.2,0.00743012147658922
10.06,16.876,0.127,0.76,5.2,0.00752547997155724
10.07,16.823,0.127,0.76,5.2,0.00754918861083041
10.08,16.677,0.129,0.77,5.2,0.00773520417341248
10.09,16.668,0.131,0.78,5.2,0.00785937125029998
10.1,16.673,0.133,0.79,5.2,0.00797696875187429
10.11,16.677,0.137,0.81,5.2,0.00821490675781016
10.12,16.738,0.14,0.82,5.2,0.00836420121878361
10.13,16.897,0.145,0.85,5.2,0.0085814049831331
10.14,17.054,0.149,0.86,5.2,0.00873695320745866
10.15,17.331,0.152,0.87,5.2,0.00877041140153482
10.16,17.341,0.157,0.88,5.2,0.00905368779193818
10.17,17.432,0.159,0.88,5.2,0.0091211564938045
10.18,17.522,0.163,0.89,5.2,0.00930259102842141
10.19,17.906,0.165,0.89,5.2,0.00921478833910421
10.2,18.367,0.167,0.88,5.2,0.00909239396744161
10.21,19.12,0.171,0.89,5.2,0.00894351464435146
10.22,19.517,0.172,0.89,5.2,0.00881282984065174
10.23,20.075,0.176,0.9,5.2,0.00876712328767123
10.24,20.316,0.176,0.9,5.2,0.00866312266194133
10.25,20.515,0.178,0.91,5.2,0.00867657811357543
10.26,20.362,0.178,0.92,5.2,0.00874177389254494
10.27,20.188,0.178,0.94,5.1,0.00881711908064197
10.28,19.613,0.176,0.95,5.2,0.0089736399326977
10.29,19.201,0.173,0.96,5.2,0.00900994739857299
10.3,18.193,0.17,0.97,5.2,0.0093442532842302
10.31,17.643,0.167,0.99,5.2,0.0094655104007255
10.32,16.66,0.162,1,5.2,0.00972388955582233
10.33,16.276,0.157,1,5.2,0.00964610469402802
10.34,15.304,0.152,1.01,5.2,0.00993204391008887
10.35,14.934,0.147,1.02,5.2,0.00984331056649257
10.36,14.182,0.141,1.02,5.2,0.00994218022845861
10.37,13.83,0.134,1,5.2,0.00968908170643529
10.38,13.202,0.129,1,5.2,0.00977124678079079
10.39,12.875,0.123,0.99,5.2,0.00955339805825243
10.4,12.3,0.119,0.99,5.1,0.00967479674796748
10.41,12.027,0.114,0.98,5.2,0.00947867298578199
10.42,11.459,0.11,0.98,5.2,0.00959944148704076
10.43,10.98,0.106,0.97,5.2,0.00965391621129326
10.44,10.738,0.102,0.97,5.2,0.00949897560067052
10.45,10.334,0.098,0.96,5.2,0.00948325914457132
10.46,10.128,0.093,0.95,5.2,0.0091824644549763
10.47,9.766,0.09,0.94,5.2,0.00921564611918902
10.48,9.595,0.086,0.93,5.2,0.00896300156331423
10.49,9.223,0.083,0.92,5.2,0.00899924102786512
10.5,9.063,0.08,0.91,5.2,0.0088270991945272
10.51,8.697,0.078,0.91,5.2,0.00896860986547085
10.52,8.378,0.076,0.91,5.2,0.00907137741704464
10.53,8.232,0.074,0.91,5.2,0.00898931000971817
10.54,7.948,0.072,0.91,5.2,0.00905888273779567
10.55,7.824,0.07,0.91,5.2,0.00894683026584867
10.56,7.611,0.069,0.91,5.2,0.00906582577847852
10.57,7.497,0.068,0.91,5.2,0.0090702947845805
10.58,7.323,0.066,0.91,5.2,0.00901269971323228
10.59,7.245,0.065,0.91,5.2,0.00897170462387854
10.6,7.086,0.064,0.91,5.2,0.00903189387524697
10.61,7.007,0.063,0.91,5.2,0.00899100899100899
10.62,6.88,0.062,0.91,5.2,0.00901162790697674
10.63,6.816,0.061,0.91,5.2,0.00894953051643193
10.64,6.77,0.061,0.91,5.2,0.00901033973412112
10.65,6.596,0.06,0.91,5.2,0.00909642207398423
10.66,6.553,0.059,0.91,5.2,0.00900350984282008
10.67,6.489,0.058,0.9,5.2,0.0089382031129604
10.68,6.447,0.058,0.9,5.2,0.00899643244920118
10.69,6.393,0.057,0.89,5.2,0.00891600187705303
10.7,6.358,0.056,0.89,5.2,0.00880780119534445
10.71,6.283,0.055,0.88,5.2,0.00875378004138151
10.72,6.244,0.054,0.88,5.2,0.00864830237027546
10.73,6.173,0.054,0.87,5.2,0.00874777255791349
10.74,6.138,0.053,0.87,5.2,0.00863473444118605
10.75,6.081,0.052,0.87,5.2,0.00855122512744614
10.76,6.028,0.052,0.86,5.2,0.0086264100862641
10.77,6.003,0.051,0.86,5.2,0.00849575212393803
10.78,5.942,0.051,0.85,5.2,0.00858296869740828
10.79,5.914,0.05,0.85,5.2,0.0084545147108556
10.8,5.875,0.05,0.84,5.2,0.00851063829787234
10.81,5.85,0.049,0.83,5.2,0.00837606837606838
10.82,5.832,0.048,0.83,5.2,0.00823045267489712
10.83,5.829,0.048,0.82,5.2,0.00823468862583634
10.84,5.832,0.048,0.81,5.2,0.00823045267489712
10.85,5.829,0.047,0.81,5.2,0.00806313261279808
10.86,5.854,0.047,0.81,5.2,0.00802869832593099
10.87,5.868,0.047,0.8,5.2,0.0080095432856169
10.88,5.886,0.047,0.8,5.2,0.00798504926945294
10.89,5.903,0.047,0.8,5.2,0.00796205319329155
10.9,5.939,0.047,0.8,5.2,0.00791379020037043
10.91,5.942,0.047,0.8,5.2,0.00790979468192528
10.92,5.942,0.047,0.8,5.2,0.00790979468192528
10.93,5.914,0.047,0.8,5.2,0.00794724382820426
10.94,5.9,0.047,0.81,5.2,0.00796610169491525
10.95,5.879,0.048,0.81,5.2,0.00816465385269604
10.96,5.875,0.048,0.81,5.2,0.00817021276595745
10.97,5.84,0.048,0.81,5.2,0.00821917808219178
10.98,5.829,0.048,0.82,5.2,0.00823468862583634
10.99,5.818,0.048,0.82,5.2,0.00825025782055689
11,5.818,0.048,0.82,5.2,0.00825025782055689
11.01,5.832,0.049,0.84,5.2,0.00840192043895748
11.02,5.84,0.051,0.86,5.2,0.00873287671232877
11.03,5.868,0.052,0.88,5.2,0.00886162235855487
11.04,5.879,0.053,0.89,5.2,0.00901513862901854
11.05,5.914,0.054,0.91,5.2,0.00913087588772405
11.06,5.957,0.057,0.95,5.2,0.00956857478596609
11.07,5.967,0.057,0.95,5.2,0.00955253896430367
11.08,6.031,0.057,0.94,5.2,0.00945116896037142
11.09,6.077,0.056,0.92,5.2,0.00921507322692118
11.1,6.163,0.056,0.9,5.2,0.00908648385526529
11.11,6.184,0.056,0.9,5.2,0.00905562742561449
11.12,6.248,0.054,0.86,5.2,0.00864276568501921
11.13,6.266,0.053,0.84,5.2,0.00845834663262049
11.14,6.308,0.052,0.83,5.2,0.0082435003170577
11.15,6.326,0.053,0.83,5.2,0.00837812203604173
11.16,6.386,0.053,0.84,5.2,0.00829940494832446
11.17,6.461,0.054,0.85,5.2,0.00835783934375484
11.18,6.386,0.055,0.86,5.1,0.00861259004071406
11.19,6.372,0.056,0.88,5.2,0.00878844946641557
11.2,6.372,0.057,0.89,5.2,0.00894538606403013
11.21,6.379,0.059,0.91,5.2,0.00924909860479699
11.22,6.39,0.06,0.94,5.2,0.00938967136150235
11.23,6.422,0.062,0.97,5.2,0.00965431329803799
11.24,6.404,0.065,1,5.2,0.0101499063085572
11.25,6.429,0.068,1.05,5.2,0.0105770726396018
11.26,6.432,0.072,1.1,5.2,0.0111940298507463
11.27,6.447,0.076,1.15,5.2,0.0117884287265395
11.28,6.447,0.079,1.2,5.2,0.0122537614394292
11.29,6.457,0.084,1.26,5.2,0.0130091373702958
11.3,6.56,0.088,1.3,5.2,0.0134146341463415
11.31,6.649,0.091,1.32,5.1,0.0136862686118213
11.32,6.819,0.094,1.34,5.2,0.0137850124651708
11.33,6.901,0.097,1.36,5.2,0.0140559339226199
11.34,7.071,0.101,1.39,5.2,0.0142836939612502
11.35,7.32,0.104,1.39,5.1,0.014207650273224
11.36,7.401,0.107,1.39,5.2,0.0144575057424672
11.37,7.572,0.111,1.39,5.2,0.0146592709984152
11.38,7.71,0.115,1.38,5.2,0.0149156939040208
11.39,7.977,0.119,1.36,5.2,0.0149178889306757
11.4,8.108,0.121,1.33,5.1,0.0149235323137642
11.41,8.679,0.124,1.3,5.2,0.0142873602949649
11.42,9.088,0.126,1.26,5.2,0.0138644366197183
11.43,9.986,0.127,1.21,5.1,0.0127178049268977
11.44,10.824,0.127,1.17,5.1,0.0117331855136733
11.45,11.15,0.128,1.13,5.2,0.0114798206278027
11.46,11.594,0.129,1.1,5.1,0.0111264447127825
11.47,11.974,0.129,1.07,5.1,0.0107733422415233
11.48,12.677,0.129,1.05,5.1,0.010175909126765
11.49,12.847,0.129,1.04,5.1,0.01004125476765
11.5,12.865,0.129,1.02,5.2,0.0100272055965799
11.51,12.886,0.127,1,5.2,0.00985565730249884
11.52,12.904,0.125,0.97,5.2,0.00968691878487291
11.53,12.79,0.122,0.95,5.1,0.00953870211102424
11.54,12.737,0.118,0.92,5.1,0.00926434796262856
11.55,12.737,0.114,0.89,5.1,0.00895030226898014
11.56,12.737,0.111,0.86,5.1,0.00871476799874382
11.57,12.79,0.109,0.84,5.2,0.00852228303362002
11.58,12.875,0.107,0.83,5.1,0.00831067961165049
11.59,13.01,0.106,0.83,5.1,0.00814757878554958
11.6,13.046,0.107,0.83,5.1,0.00820174766211866
11.61,13.074,0.108,0.84,5.1,0.00826067003212483
11.62,13.049,0.108,0.85,5.1,0.0082764962832401
11.63,12.872,0.109,0.86,5.1,0.00846799254195152
11.64,12.684,0.109,0.86,5.1,0.00859350362661621
11.65,12.542,0.108,0.87,5.1,0.00861106681549992
11.66,12.446,0.107,0.87,5.1,0.00859713964325888
11.67,12.41,0.106,0.86,5.1,0.00854149879129734
11.68,12.307,0.105,0.86,5.2,0.00853172990980743
11.69,12.24,0.103,0.86,5.2,0.00841503267973856
11.7,12.066,0.103,0.87,5.2,0.00853638322559257
11.71,11.96,0.103,0.88,5.1,0.00861204013377926
11.72,11.8,0.102,0.89,5.2,0.00864406779661017
11.73,11.661,0.102,0.9,5.1,0.00874710573707229
11.74,11.566,0.101,0.9,5.1,0.0087324917862701
11.75,11.118,0.099,0.9,5.1,0.00890447922288181
11.76,10.852,0.097,0.9,5.2,0.00893844452635459
11.77,10.674,0.094,0.88,5.1,0.00880644556867154
11.78,10.557,0.091,0.87,5.1,0.00861987307000095
11.79,10.437,0.088,0.85,5.2,0.0084315416307368
11.8,10.373,0.085,0.84,5.2,0.00819435071821074
11.81,10.099,0.083,0.83,5.2,0.00821863550846618
11.82,9.901,0.081,0.81,5.1,0.00818099181900818
11.83,9.769,0.079,0.8,5.1,0.00808680520012284
11.84,9.681,0.077,0.79,5.2,0.00795372378886479
11.85,9.656,0.076,0.79,5.1,0.00787075393537697
11.86,9.599,0.075,0.78,5.1,0.00781331388686321
11.87,9.539,0.073,0.77,5.2,0.00765279379389873
11.88,9.503,0.071,0.75,5.1,0.00747132484478586
11.89,9.464,0.069,0.74,5.1,0.00729078613693998
11.9,9.418,0.068,0.73,5.2,0.0072202166064982
11.91,9.432,0.067,0.72,5.1,0.00710347752332485
11.92,9.29,0.066,0.72,5.2,0.00710441334768568
11.93,9.198,0.066,0.73,5.2,0.00717547292889759
11.94,9.077,0.066,0.74,5.2,0.00727112482097609
11.95,9.02,0.066,0.74,5.2,0.00731707317073171
11.96,8.857,0.066,0.75,5.2,0.00745173309246923
11.97,8.736,0.066,0.76,5.2,0.00755494505494506
11.98,8.69,0.065,0.76,5.2,0.00747986191024166
11.99,8.598,0.065,0.77,5.2,0.00755989765061642
12,8.488,0.064,0.77,5.2,0.00754005655042413
12.01,8.314,0.063,0.76,5.2,0.00757757998556651
12.02,8.239,0.062,0.76,5.2,0.00752518509527855
12.03,8.126,0.061,0.76,5.2,0.00750676839773566
12.04,8.062,0.059,0.75,5.2,0.00731828330439097
12.05,7.92,0.058,0.74,5.2,0.00732323232323232
12.06,7.856,0.057,0.74,5.2,0.00725560081466395
12.07,7.835,0.055,0.73,5.2,0.00701978302488832
12.08,7.604,0.054,0.72,5.2,0.00710152551288795
12.09,7.48,0.053,0.71,5.2,0.0070855614973262
12.1,7.362,0.051,0.71,5.2,0.00692746536267319
12.11,7.302,0.05,0.71,5.2,0.00684743905779239
12.12,7.11,0.049,0.71,5.2,0.00689170182841069
12.13,7.029,0.048,0.71,5.2,0.00682885189927443
12.14,6.851,0.048,0.71,5.2,0.00700627645599183
12.15,6.759,0.047,0.71,5.2,0.00695369137446368
12.16,6.596,0.046,0.72,5.2,0.00697392359005458
12.17,6.379,0.045,0.72,5.2,0.00705439724094686
12.18,6.163,0.045,0.72,5.2,0.00730163881226675
12.19,6.202,0.044,0.72,5.2,0.00709448564979039
12.2,6.124,0.043,0.72,5.2,0.00702155453951666
12.21,5.889,0.042,0.73,5.2,0.00713194090677534
12.22,5.829,0.041,0.73,5.2,0.00703379653456854
12.23,5.659,0.041,0.74,5.2,0.00724509630676798
12.24,5.563,0.041,0.74,5.2,0.00737012403379472
12.25,5.417,0.04,0.75,5.2,0.00738416097470925
12.26,5.36,0.04,0.77,5.2,0.00746268656716418
12.27,5.24,0.04,0.78,5.2,0.00763358778625954
12.28,5.13,0.04,0.79,5.2,0.00779727095516569
12.29,5.055,0.04,0.81,5.2,0.00791295746785361
12.3,4.934,0.04,0.82,5.2,0.00810701256586948
12.31,4.885,0.04,0.84,5.2,0.00818833162743091
12.32,4.796,0.041,0.86,5.2,0.0085487906588824
12.33,4.736,0.041,0.88,5.2,0.00865709459459459
12.34,4.647,0.041,0.91,5.2,0.00882289649236066
12.35,4.615,0.042,0.93,5.2,0.00910075839653304
12.36,4.455,0.042,0.96,5.2,0.00942760942760943
12.37,4.409,0.043,0.99,5.2,0.00975277840780222
12.38,4.313,0.044,1.03,5.2,0.0102017157431022
12.39,4.256,0.045,1.06,5.2,0.0105733082706767
12.4,4.189,0.047,1.1,5.2,0.0112198615421342
12.41,4.132,0.048,1.14,5.2,0.0116166505324298
12.42,4.132,0.05,1.17,5.2,0.0121006776379477
12.43,4.132,0.052,1.2,5.2,0.0125847047434656
12.44,4.143,0.053,1.21,5.2,0.0127926623219889
12.45,4.235,0.054,1.23,5.2,0.0127508854781582
12.46,4.342,0.055,1.22,5.2,0.0126669737448181
12.47,4.533,0.056,1.21,5.2,0.0123538495477609
12.48,4.565,0.056,1.19,5.2,0.0122672508214677
12.49,4.704,0.057,1.18,5.2,0.0121173469387755
12.5,4.799,0.059,1.18,5.2,0.0122942279641592
12.51,5.02,0.061,1.19,5.2,0.0121513944223108
12.52,5.094,0.066,1.25,5.2,0.0129564193168433
12.53,5.158,0.075,1.39,5.2,0.014540519581233
12.54,5.389,0.085,1.54,5.2,0.0157728706624606
12.55,5.488,0.097,1.71,5.2,0.0176749271137026
12.56,5.737,0.109,1.87,5.2,0.0189994770786125
12.57,5.801,0.123,2.04,5.2,0.0212032408205482
12.58,6.07,0.149,2.36,5.2,0.0245469522240527
12.59,6.124,0.153,2.3,5.2,0.0249836708033965
12.6,6.216,0.152,2.16,5.2,0.0244530244530245
12.61,6.372,0.151,2.01,5.2,0.0236974262397991
12.62,6.83,0.145,1.78,5.2,0.0212298682284041
12.63,7.206,0.242,2.66,5.2,0.0335831251734666
12.64,8.04,0.138,1.28,5.2,0.0171641791044776
12.65,9.173,0.113,0.87,5.2,0.0123187615829064
12.66,9.812,0.126,0.81,5.2,0.0128414186710151
12.67,11.413,0.091,0.49,5.2,0.00797336370805222
12.68,12.41,0.091,0.49,5.2,0.00733279613215149
12.69,16.546,0.091,0.49,5.1,0.00549981868729602
12.7,24.455,0.091,0.49,5.1,0.00372112042527091
12.71,30.22,0.091,0.49,5.1,0.00301125082726671
12.72,34.562,0.091,0.49,3.1,0.00263294948209016
12.73,39.464,0.091,0.49,2.1,0.00230589904723292
12.74,44.743,0.091,0.49,1.5,0.00203383769528194
